( num nodes 23 )
( name nodes 0 1 2 3 4 5 6 7 8 9 10 11 12 13 14 15 16 17 18 19 20 21 22 )
( node 0 0.22000 0.68300 )
( node 1 0.56300 0.40300 )
( node 2 0.57600 0.68300 )
( node 3 0.59300 1.04600 )
( node 4 0.20000 1.05300 )
( node 5 0.20300 1.49000 )
( node 6 0.84000 1.49000 )
( node 7 1.16600 1.78600 )
( node 8 1.16600 1.40600 )
( node 9 1.20000 1.05600 )
( node 10 1.17300 0.70300 )
( node 11 0.88600 0.42600 )
( node 12 1.18600 0.41000 )
( node 13 1.51000 0.41300 )
( node 14 1.77300 0.42000 )
( node 15 1.78300 0.72600 )
( node 16 1.77600 1.06000 )
( node 17 1.78300 1.40000 )
( node 18 1.60000 1.39600 )
( node 19 1.77600 1.54600 )
( node 20 1.52300 1.80000 )
( node 21 0.99000 1.04300 )
( node 22 1.53600 1.05000 )
( connection 0 1 0.44277 )
( connection 1 0 0.44277 )
( connection 0 2 0.35600 )
( connection 2 0 0.35600 )
( connection 1 2 0.28030 )
( connection 2 1 0.28030 )
( connection 2 3 0.36340 )
( connection 3 2 0.36340 )
( connection 3 4 0.39306 )
( connection 4 3 0.39306 )
( connection 5 6 0.63700 )
( connection 6 5 0.63700 )
( connection 6 7 0.44033 )
( connection 7 6 0.44033 )
( connection 6 8 0.33665 )
( connection 8 6 0.33665 )
( connection 7 8 0.38000 )
( connection 8 7 0.38000 )
( connection 8 9 0.35165 )
( connection 9 8 0.35165 )
( connection 9 10 0.35403 )
( connection 10 9 0.35403 )
( connection 10 11 0.39887 )
( connection 11 10 0.39887 )
( connection 10 12 0.29329 )
( connection 12 10 0.29329 )
( connection 11 12 0.30043 )
( connection 12 11 0.30043 )
( connection 13 14 0.26309 )
( connection 14 13 0.26309 )
( connection 13 15 0.41533 )
( connection 15 13 0.41533 )
( connection 14 15 0.30616 )
( connection 15 14 0.30616 )
( connection 15 16 0.33407 )
( connection 16 15 0.33407 )
( connection 16 17 0.34007 )
( connection 17 16 0.34007 )
( connection 17 18 0.18304 )
( connection 18 17 0.18304 )
( connection 17 19 0.14617 )
( connection 19 17 0.14617 )
( connection 18 19 0.23125 )
( connection 19 18 0.23125 )
( connection 19 20 0.35850 )
( connection 20 19 0.35850 )
( connection 3 21 0.39701 )
( connection 21 3 0.39701 )
( connection 9 21 0.21040 )
( connection 21 9 0.21040 )
( connection 9 22 0.33605 )
( connection 22 9 0.33605 )
( connection 16 22 0.24021 )
( connection 22 16 0.24021 )